8950
13600
6250
7100
7200
9750
6650
9350
11650
11100
10100
7550
7750
12550
9300
6100
11650
10750
10800
9000
14250
8550
6450
6750
6400
13150
19750
12700
7350
11950
6900
8250
11350
5200
7500
6000
7100
12050
10300
5950
18200
8000
13600
9850
10750
11250
13250
19700
6150
12300
11000
9950
11400
7900
17650
14850
11550
6750
9450
10000
10900
12100
7200
6550
11100
17550
9200
8550
11900
7500
11000
11800
12650
10300
11450
13500
9650
10500
16300
13400
10700
9550
13450
8700
6300
8000
11250
12100
9450
15800
9500
8300
11950
6600
10300
10550
8250
12100
13550
13300
