3200
3900
4350
3400
3800
3300
7100
4050
5050
2250
6000
3650
3400
6100
5400
3850
4000
3300
4100
3100
3700
3550
4500
3900
3250
4100
3850
3700
4400
3950
3550
6650
4500
3250
3350
5100
3500
3600
3400
5800
6250
4200
4150
3300
2850
4000
4050
3700
4450
4200
4000
4500
4250
3550
3950
3700
4500
3600
3850
4650
3550
3250
3600
6050
5200
4200
5200
3400
3100
4650
3900
3100
4700
3900
3850
5350
5600
3800
3850
4650
3100
4200
4350
4200
4000
3550
4050
4200
4050
4100
3850
4950
3800
5850
8000
6450
3700
5350
4300
3600
