4150
2600
2900
3050
2000
1800
2450
2650
2650
1750
3900
3450
3600
2750
3950
3000
1950
2500
2650
2750
3400
3300
3000
3400
3800
2700
2950
2200
3450
3350
2650
2300
2950
1550
2600
2100
3700
3750
2400
2950
4350
2450
3000
3250
4000
3750
2550
2500
3250
3150
2550
1750
2200
1850
3500
3650
3050
3250
3050
4150
2150
2500
3750
3350
1600
3300
3600
1800
2700
2900
3200
3500
2450
1850
2150
3250
2450
2550
3000
2950
2650
3000
3400
2800
2450
2200
3200
3000
3400
2450
3550
3200
2000
2400
3600
1950
2900
3600
3350
3000
