4500
4150
3150
4300
3150
3400
2800
3600
4100
3750
3150
3300
5100
4100
6000
4600
3350
3250
3750
3750
6700
4300
4950
4000
4900
6150
3300
5450
4150
3650
4200
4150
4550
3850
3850
3350
4900
3750
4050
3350
3850
4600
4850
4250
8200
5300
6600
4450
6850
3400
3650
3000
4250
3500
3350
4000
4600
4400
4000
4350
4100
3600
3850
4150
3850
3150
3950
3800
3400
5500
4000
3300
3700
4650
4900
3750
3500
4650
4200
3000
4450
4000
3150
4300
5450
4400
2550
3300
3900
3800
3400
4200
4150
3150
5650
7750
2800
4750
4200
3200
