4650
5200
6800
3000
4050
3150
5050
5400
5150
3000
5950
4650
4050
5650
4950
10600
4300
4600
4950
3150
3300
4350
3900
4400
3900
4550
3450
5700
6650
3750
4050
5750
5750
7450
4750
2900
3550
4800
3750
3700
4350
4650
6550
3550
4000
6450
3900
5200
3700
4400
4400
4050
3300
4850
3550
4100
3300
3450
3950
5250
5250
4050
4400
4500
3250
4250
5100
4450
5000
5850
5400
3600
4100
3550
5700
4800
4200
3450
3850
4950
3300
4850
4650
5800
4000
4100
5450
4050
6100
3650
2750
4800
6450
4100
5450
3550
4500
6400
4800
3250
